# Derived statistics from the 1s archive — generated 2026-10-09T21:55:32Z
# All values Mbit/s. Egress = netdata 'sent', absolute value. 19 hosts, 6 on-hours.

## Fleet total egress (sum of the 9 relays at each second)
all values Mbit/s; pk/mean is a ratio
window         mean       p50       p95       p99       max   pk/mean
base_11       118.0      28.8     443.6     914.5    2277.7      19.3
base_13        86.8      19.2     380.5     767.1    1504.5      17.3
load1          89.4      30.1     381.9     751.1     985.2      11.0
load2          80.2      24.0     347.9     715.1    1109.6      13.8
load3          93.5      29.1     412.3     765.1    1130.5      12.1
load4         136.5      63.1     481.9     857.2    1713.1      12.6

## Fleet total ingress (9 relays)
all values Mbit/s; pk/mean is a ratio
window         mean       p95       p99       max   pk/mean
base_11        25.1     115.5     234.1     398.7      15.9
base_13        19.8      95.8     226.7     466.4      23.5
load1          25.6     102.9     178.8     320.5      12.5
load2          24.9     103.2     212.5     544.6      21.9
load3          27.7     109.1     218.1     462.1      16.7
load4          30.0     113.9     227.6     419.3      14.0

## Per-relay egress: mean / p99 / max
all values Mbit/s. Each window has three columns: mean of the 1s samples, p99, max.
                 |            base_11 |            base_13 |              load1 |              load2 |              load3 |              load4
relay            |  mean    p99   max |  mean    p99   max |  mean    p99   max |  mean    p99   max |  mean    p99   max |  mean    p99   max
---------------- |------------------- |------------------- |------------------- |------------------- |------------------- |-------------------
leios1-rel-a-1   |  12.9    170   456 |   6.3     98   330 |   8.7     89   237 |  10.3    109   228 |  10.7    101   287 |  30.5    123   265
leios1-rel-a-2   |  14.3    149   383 |   3.9     41   135 |  10.5    118   228 |  10.9    124   290 |  12.2    125   276 |  15.0    143   370
leios1-rel-a-3   |  19.7    218   585 |  10.7    160   497 |   7.3     74   175 |   9.7    113   312 |  11.4    127   274 |  14.7    152   433
leios2-rel-b-1   |  11.2    152   486 |  12.2    187   527 |   8.0     84   298 |   8.4     94   219 |  10.0     99   268 |  11.0    117   339
leios2-rel-b-2   |  11.2    169   339 |  10.4    172   392 |  13.6    116   270 |   6.5     65   128 |  10.2    109   247 |  12.0    128   289
leios2-rel-b-3   |  11.5    174   405 |  11.3    188   486 |   7.1     68   125 |  10.3    109   338 |  10.3    121   334 |  16.0    168   336
leios3-rel-c-1   |  11.1    161   410 |  18.4    173   421 |  13.4    136   371 |   5.5     56   134 |   9.2     90   238 |  10.0    115   249
leios3-rel-c-2   |  10.5    162   464 |   2.8     35   170 |   9.0     88   223 |  11.6    107   263 |  10.7    118   291 |  13.0    151   366
leios3-rel-c-3   |  15.5    143   414 |  10.7    161   462 |  11.8    113   313 |   7.0     57   170 |   8.8     86   215 |  14.3    108   249

## Per-host egress: mean / p99 / max, all 19 hosts
host                                  base_11              base_13                load1                load2                load3                load4
leios1-bp-a-1              0.6      7     14   0.6      7     15   0.7      7     18   0.7      8     14   0.7      7     14   0.8      8     19
leios1-centrifuge-a-1      2.6     25     32   2.3     26     43   2.2     24     39   2.4     23     38   2.4     19     35   2.4     21     33
leios1-dbsync-a-1          1.9     16     32   1.7     17     45   0.7      6     22   1.4     12     25   1.7     12     22   2.5     20     40
leios1-faucet-a-1          1.9     18     28   1.1      8     17   1.4     10     21   1.7     12     23   1.7     12     24   2.0     13     22
leios1-metsuke-a-1         2.6     27     69   1.9     19     44   1.5     11     19   1.5      8     16   1.8      9     24   2.4     16     48
leios1-rel-a-1            12.9    170    456   6.3     98    330   8.7     89    237  10.3    109    228  10.7    101    287  30.5    123    265
leios1-rel-a-2            14.3    149    383   3.9     41    135  10.5    118    228  10.9    124    290  12.2    125    276  15.0    143    370
leios1-rel-a-3            19.7    218    585  10.7    160    497   7.3     74    175   9.7    113    312  11.4    127    274  14.7    152    433
leios2-bp-b-1              0.5      7     15   0.5      8     22   0.6      6     13   0.6      6     18   0.6      6     15   0.7      7     14
leios2-rel-b-1            11.2    152    486  12.2    187    527   8.0     84    298   8.4     94    219  10.0     99    268  11.0    117    339
leios2-rel-b-2            11.2    169    339  10.4    172    392  13.6    116    270   6.5     65    128  10.2    109    247  12.0    128    289
leios2-rel-b-3            11.5    174    405  11.3    188    486   7.1     68    125  10.3    109    338  10.3    121    334  16.0    168    336
leios3-bp-c-1              0.6      6     21   0.6      7     28   0.7      6     16   0.7      7     19   0.7      6     20   0.8      7     18
leios3-rel-c-1            11.1    161    410  18.4    173    421  13.4    136    371   5.5     56    134   9.2     90    238  10.0    115    249
leios3-rel-c-2            10.5    162    464   2.8     35    170   9.0     88    223  11.6    107    263  10.7    118    291  13.0    151    366
leios3-rel-c-3            15.5    143    414  10.7    161    462  11.8    113    313   7.0     57    170   8.8     86    215  14.3    108    249
leiosred1-bp-a-1          10.4    150    294  10.4    151    272   6.4     68    139  10.0    116    234  12.0    135    280  11.8    141    340
leiosred10-bp-j-1          7.5    105    290   6.2    110    300   4.5     44    101   7.6     79    192   8.4     90    261   7.7     80    288
leiosred5-bp-e-1           3.6     38     99   1.4     14     41   4.1     38     67   7.5     66    165   7.7     62    180   6.9     57    149
